time,x,y,z,phi,theta,psi,x_velocity,y_velocity,z_velocity,phi_velocity,theta_velocity,psi_velocity,rotor_speed1,rotor_speed2,rotor_speed3,rotor_speed4
0.06,2.7341600705189142e-11,3.146907506923941e-07,10.02617065334729,0.00015736118059361814,6.283185290774568,0.0,2.734198131367711e-09,2.849822459883782e-05,0.8721224430356909,0.007411144562844382,-7.689241214280762e-07,0.0,0.24776803946262127,0.002863016184939407,899.8868463042031,900.1866883608723
0.12000000000000001,1.2670241802899362e-09,1.3044461421276578e-05,10.104580608568893,0.000849844585184556,6.283185253237967,0.0,4.75043393143364e-08,0.0005205528428625508,1.7406526105190476,0.018734098609095185,-4.2684047116708343e-07,0.0,-0.05433104179501941,0.2357311924882421,899.8696820474128,900.3276619613367
0.18,6.6902985000966535e-09,9.064715227945927e-05,10.234872896264012,0.002148689930287162,6.283185216069622,0.0,1.4000581095469392e-07,0.0023254916519726224,2.600892420939359,0.02691614330988458,-8.872237836983638e-07,0.0,0.33003029095142583,0.2314183671854766,899.8999372432743,900.2307850985457
0.23999999999999996,1.945301197898921e-08,0.00033565906111780237,10.41644139594089,0.0036312302781338346,6.2831851600385065,0.0,2.968132427368139e-07,0.006166411684498759,3.4492459001594478,0.019882649418079903,-1.027108219790862e-06,0.0,-0.10094136730050329,0.03613944823252943,900.3724053189547,900.0875848156163
0.3,4.4055535923386854e-08,0.000870020138322818,10.6484451431217,0.004748930044656596,6.2831850830864955,0.0,5.373928475226565e-07,0.011878149710085106,4.281494240683545,0.015993605229393505,-1.7933889835607926e-06,0.0,-0.23625359998920076,0.0302686846012295,900.4093888382532,900.2518046059724
0.36000000000000004,8.656685602179179e-08,0.0017900314429858833,10.9297889346208,0.00562017256143843,6.283184978658676,0.0,9.008066983299537e-07,0.01896281341430871,5.093393278912788,0.011398813851014843,-1.6346132389821941e-06,0.0,-0.06678516842057539,-0.12659168329855575,900.3561257816506,900.169993261863
0.4200000000000001,1.5497447861368366e-07,0.0031656777827860777,11.259163678802183,0.006103363691031483,6.2831848805818815,0.0,1.3981213394047871e-06,0.026991670717228092,5.8820623058209325,0.000342371926187331,-1.634613203247547e-06,0.0,0.2721352854491954,0.022643176693922296,900.5555292786256,900.1080569753753
0.48000000000000015,2.5693966788065924e-07,0.005033469291951545,11.635084590995465,0.0057395651512575085,6.283184782505092,0.0,2.0184650648643435e-06,0.035218475649183456,6.644533318992208,-0.023689142694915705,-1.6346131675129017e-06,0.0,0.3435239072070665,0.27304391073101925,900.8697191878067,899.8975915815346
0.5400000000000001,3.9963534244393154e-07,0.007364305735147724,12.05587483832942,0.004070601566919407,6.283184684428303,0.0,2.754789794082581e-06,0.042153624385650366,7.377382157664021,-0.03770668699933714,-1.6346131317782578e-06,0.0,0.41298343442355506,0.11701460630113075,900.418984712572,899.8519215519992
0.6000000000000002,5.898177896446509e-07,0.01003541304552542,12.519715910712806,0.0017254776533315308,6.283184588954381,0.0,3.6000567345998302e-06,0.04642750269576484,8.079300899795909,-0.04199564733538876,-1.5044699806560267e-06,0.0,0.35158667805284194,-0.09736325156866873,900.1773603902119,900.0038613353828
0.6600000000000003,8.336657146102843e-07,0.012868803636198821,13.024722340461997,6.2823500210667556,6.28318450577774,0.0,4.540729923340614e-06,0.047540603061129914,8.749364147831788,-0.04408292942031462,-1.149893126427926e-06,0.0,0.5728505386883006,-0.16070879410684175,900.275809998565,900.191356512252
0.7200000000000003,1.1361464098617606e-06,0.01567235092656206,13.568922905636152,6.279709568614287,6.2831844367841505,0.0,5.5503522145850735e-06,0.04543943136954499,9.385647239543271,-0.04385722054736358,-1.1498931087441733e-06,0.0,0.4573561454883999,0.017017415212193215,900.1151254816025,900.1242423601026
0.7800000000000004,1.5008347574469008e-06,0.018256448181333793,14.150263852509221,6.277064559210352,6.283184367790561,0.0,6.613566071648558e-06,0.04025320356437243,9.9873161457218,-0.04453981888907021,-1.1498930910604212e-06,0.0,0.7733929629105696,0.10489131456753448,899.9556326851774,899.9279797793408
0.8400000000000004,1.930809903792379e-06,0.0204410111066516,14.766675048267967,6.274468737938019,6.283184298796977,0.0,7.725871990332962e-06,0.032149159620162036,10.55464763431455,-0.04082680773577129,-1.1498930733766698e-06,0.0,1.206964788996789,0.0014136474769513435,899.8431508982657,899.9934651815485
0.9000000000000005,2.4288475876927784e-06,0.022059537864615186,15.416109479452457,6.272152487058474,6.283184263399997,0.0,8.878898312421123e-06,0.021452956862529095,11.088130046202446,-0.03449381992026003,5.299135714790071e-07,0.0,0.8834455065009132,-0.3497954155596229,899.882223993086,900.1386781854252
0.9600000000000005,2.9956278666980244e-06,0.022971657733268716,16.096568053327736,6.270379758356725,6.283184320417185,0.0,1.0001510325791941e-05,0.008700339613334102,11.58886240496933,-0.021136359413674536,1.7910189746437585e-06,0.0,0.826696468975022,-0.30308201251305134,900.046828238962,900.5875737107134
1.0200000000000005,3.6264462392064836e-06,0.023078111196086736,16.806053401263704,6.26928016766052,6.283184460430967,0.0,1.1001853187671888e-05,-0.005272910282780287,12.055820622895567,-0.013227894201515805,3.4186290352771523e-06,0.0,0.7241235187926678,-0.3443179466356236,899.9369528808207,900.2573143274636
1.0800000000000005,4.311489688146695e-06,0.022327307426475148,17.542593795549607,6.26858478025405,6.283184692228701,0.0,1.179617823143013e-05,-0.019800415902247164,12.490850791437579,-0.00849962105034304,4.752613893074886e-06,0.0,0.8483355030898834,-0.31171661359573655,900.0497190585622,900.2412994547419
1.1400000000000006,5.036071269378069e-06,0.020698137861971916,18.30433273246215,6.268058556640973,6.283185012549389,0.0,1.2309651670802868e-05,-0.03451479769179798,12.895940364161156,-0.00931757432121912,6.5107807776987425e-06,0.0,0.4853817038487996,-0.35786115736866925,900.4837456691288,900.450813464935
1.2000000000000006,5.781087829683106e-06,0.018184145854146194,19.08947162346514,6.267677863220943,1.303833983001823e-07,0.0,1.2465315397232877e-05,-0.049285225249025316,13.271050515104037,-0.0009783220581893407,8.229093600090422e-06,0.0,0.10245334449734095,-0.3537819467879559,900.2282027371377,900.5657845845784
1.2600000000000007,6.522696585474014e-06,0.014788688184294388,19.896253744391938,6.267530437057353,7.024522155063551e-07,0.0,1.2182396223181336e-05,-0.06384667303286443,13.617596159505053,-0.005592607613647547,1.214512559155836e-05,0.0,0.3011485323313332,-0.5340816424745134,900.4225812592983,900.235898937202
1.3200000000000007,7.2306349576985925e-06,0.010526796321825557,20.7230166579754,6.267101617405345,1.5480473036788567e-06,0.0,1.1313345030470467e-05,-0.07820624071461597,13.937297182627985,-0.010453038359806127,1.7989218103072542e-05,0.0,0.17341239271290648,-0.652443799027477,900.4356811036629,900.2391223752451
1.3800000000000008,7.862918327036202e-06,0.0054030485296117535,21.568169841942996,6.266459940207966,2.7348866336041056e-06,0.0,9.621660077497391e-06,-0.09260899843694763,14.230839957183411,-0.011182260600571023,2.336328902591788e-05,0.0,0.14490885000258158,-0.6256570983957546,900.1015859711993,900.0722551106921
1.4400000000000008,8.362782087578993e-06,-0.0005896500920685045,22.430225007237194,6.266142339474889,4.168297309981028e-06,0.0,6.871046841419997e-06,-0.10715009827355762,14.50091794174496,0.0044496149867549175,2.494393474634786e-05,0.0,-0.0964181056447459,-0.3527477505382366,899.870351842211,900.5031935912667
1.5000000000000009,8.663022271356818e-06,-0.007447378082206051,23.30780924890893,6.266514002511773,5.760925576581144e-06,0.0,2.9604789609558222e-06,-0.12134615858899328,14.748699563050438,0.00947400594034296,2.9743351098345475e-05,0.0,0.22210479303098518,-0.5912608285102394,900.0831238103141,900.2863757595366
1.560000000000001,8.691016723593539e-06,-0.015135503870884508,24.19963687622576,6.267270848065918,7.592707485848393e-06,0.0,-2.2269683974840946e-06,-0.13479394992031746,14.97591342411719,0.01825254516839418,3.2102346465574606e-05,0.0,-0.027852180656279146,-0.4154581541589185,900.0792819445132,900.4343841500873
1.620000000000001,8.36686746871823e-06,-0.023599468995468297,25.10450551376435,6.268899328776234,9.52091551731371e-06,0.0,-8.782643001952491e-06,-0.14712879308003113,15.183614894399394,0.04071404311745572,3.2205708501994135e-05,0.0,-0.02544517929099363,-0.09042862693276604,899.7529801890768,900.6619289380759
1.680000000000001,7.608580920371325e-06,-0.03275043844988403,26.021284096853712,6.2719989406079115,1.145325775020467e-05,0.0,-1.669038507942892e-05,-0.1575419659696209,15.373121021507329,0.06754764904401107,3.220569463044165e-05,0.0,0.0484096469214757,0.023883292753367674,899.5797420251203,900.6661935804498
1.740000000000001,6.336714372489961e-06,-0.042441101281542326,26.948913490590833,6.2767092020462165,1.3385599150872451e-05,0.0,-2.589461593926472e-05,-0.1649568634666767,15.54551436535461,0.09440016906631091,3.2205680758901115e-05,0.0,0.14742078375118736,0.24101014194204834,899.3973650683596,900.4860121300957
1.8000000000000012,4.474851038193353e-06,-0.05245970099221818,27.886413364375056,6.2830370785574665,1.5317939718428875e-05,0.0,-3.6350700849521304e-05,-0.16832173665102884,15.702332001683576,0.12147263745334687,3.2205666887372535e-05,0.0,0.05039563163883928,0.13562392419390665,899.2665732278093,900.3662775680874
1.8600000000000012,1.9487226044928854e-06,-0.06253327070587382,28.83290840405725,0.0077850351988786315,1.731391873693866e-05,0.0,-4.80350647904728e-05,-0.1666471249851966,15.845530595561373,0.14788665453203986,3.538753217370689e-05,0.0,-0.20469884259194995,-0.523134042921273,899.3657726938786,900.4414810058731
1.9200000000000013,-1.3167927552895139e-06,-0.07233159682377427,29.787636455531246,0.017124690065013937,1.9435957357316624e-05,0.0,-6.1009411240026134e-05,-0.1590272020575309,15.976925876110641,0.1678668779913059,3.532686663306529e-05,0.0,-0.37694999278877206,-0.37104399713951247,899.787096013855,900.6051881640402
1.9800000000000013,-5.399439819390711e-06,-0.0814777631068533,30.74987793151954,0.02726759970968029,2.1574187766049135e-05,0.0,-7.526946543005183e-05,-0.14484743881786366,16.09614861911609,0.17130991856610875,3.6257779724461635e-05,0.0,-0.12470413362344474,-0.2887211649492491,899.9619307891435,900.1128274351801
2.0400000000000014,-1.0377168251864661e-05,-0.08957144906376657,31.718983638476615,0.03735629203132529,2.3750083788520726e-05,0.0,-9.084702156469531e-05,-0.12397042230102429,16.205865973079515,0.16092511330201756,3.62792416699649e-05,0.0,-0.19451991954683262,-0.19850079283299424,900.5818751022202,900.1729083398309
2.1000000000000014,-1.632817145733414e-05,-0.09622227351453902,32.694372172400335,0.047185526772983266,2.5935752991479433e-05,0.0,-0.00010770966032795087,-0.09682596086743128,16.305711219209662,0.16905398640029592,3.6724975064289214e-05,0.0,-0.0571655266771777,-0.18904056593378243,900.1633478341358,900.503003361163
2.1600000000000015,-2.3329156480865222e-05,-0.10106171687584861,33.675472389576775,0.05740851719715412,2.8137384067150606e-05,0.0,-0.00012584654418480793,-0.06357489090889698,16.39638759115157,0.17291397076308254,3.663160360053752e-05,0.0,-0.0824612033805836,0.19356300352160166,900.1440891960176,900.312043690753
2.2200000000000015,-3.145727008407253e-05,-0.10371982784616217,34.661791167582685,0.06791325865204545,3.0315231390964925e-05,0.0,-0.00014527754890991326,-0.024112862621831245,16.47976801104818,0.17908604590643437,3.562915086015982e-05,0.0,-0.2702169597976435,0.06465319088786925,900.3181218677787,900.5803576419777
2.2800000000000016,-4.078886779007159e-05,-0.10382309340010608,35.65289922565411,0.0788341134624222,3.2411472506765904e-05,0.0,-0.00016595472259883952,0.02160307110619407,16.556132785295205,0.18730050787772554,3.355371858905735e-05,0.0,-0.3888096551477168,0.2827724347601213,900.370159984506,900.7161747682816
2.3400000000000016,-5.139622206368265e-05,-0.10099333305815014,36.648379735180534,0.09020517376389314,3.4391143103107424e-05,0.0,-0.00018779074125250565,0.07367898057232845,16.625618158749994,0.19361357445346059,3.187606951953605e-05,0.0,-0.3495691850831418,0.4529074505826492,900.3335128127046,900.6039570554086
2.4000000000000017,-6.334751545439446e-05,-0.09484192839971034,37.647865491987524,0.10229799304948184,3.626789033894795e-05,0.0,-0.00021074305571127877,0.1323604346280148,16.68972228787392,0.21394683877513201,3.008519637090602e-05,0.0,-0.3611730131145018,0.3751951886584246,900.2438342244179,901.0835306234732
2.4600000000000017,-7.670640106337542e-05,-0.0849643222907705,38.65101177934645,0.11547948923512763,3.79949164548421e-05,0.0,-0.00023469962494988446,0.19797034495615795,16.74773609268916,0.22921942510802212,2.618078670988519e-05,0.0,-0.5332876656936549,0.5068572447151783,900.1350396641659,900.7739261252491
2.520000000000002,-9.153051031376828e-05,-0.07092869564065425,39.65748238232829,0.1294472816438752,3.954019117013985e-05,0.0,-0.00025956569572178976,0.2710192931364219,16.800615088592565,0.23912128734303556,2.4902148908198356e-05,0.0,-0.3051804646408391,0.42882547956942435,900.1362618211522,900.5608299752967
2.580000000000002,-0.00010787216868125333,-0.0522777071114006,40.66699435228993,0.1439096745805557,4.103279513678615e-05,0.0,-0.0002852801617895207,0.3518487995777004,16.849179000379653,0.24461810712753762,2.482590048023728e-05,0.0,-0.07452059984381193,0.7879639691906,900.2179675584654,900.4662138219577
2.640000000000002,-0.00012578234158893743,-0.028537513840273802,41.679312758077835,0.1586705130456627,4.252234900103957e-05,0.0,-0.0003118505560805535,0.44067478972068136,16.894208527015103,0.24866390494921956,2.4825892237539006e-05,0.0,0.027478543840915026,0.4839631686937145,900.3663973901234,900.5570932354158
2.700000000000002,-0.0001453122424436867,0.0007731526525643059,42.69422510204655,0.17373072437302728,4.4006872958135546e-05,0.0,-0.00033927231333367644,0.5375448626534852,16.935685215524266,0.25530604603517976,2.457441290916739e-05,0.0,-0.13534073887671216,0.47341351915379887,900.3377535171227,900.6347162943316
2.760000000000002,-0.00016651238000229963,0.03613774807272036,43.71150992084627,0.18913183448364457,4.547359760920244e-05,0.0,-0.0003675253684169898,0.6424954844112858,16.973335090456416,0.25930458638324205,2.418740553497007e-05,0.0,-0.1678957112489263,0.41160933016628803,900.2411263375178,900.4325899353997
2.820000000000002,-0.00018943417181912993,0.07805154843242157,44.730979601762044,0.2050082610570625,4.692065518430155e-05,0.0,-0.00039666003347151767,0.7558758400845352,17.008533221242182,0.2735100388586788,2.397806730787787e-05,0.0,-0.12348115077995254,0.4498771344427468,900.2442824546547,900.8506327013423
2.880000000000002,-0.00021412976758638277,0.1270257509689951,45.75247551081954,0.22187178061561585,4.8357209870175666e-05,0.0,-0.0004266536412276396,0.877913431391164,17.04091112324535,0.29297016796787745,2.3871599544137114e-05,0.0,-0.08805984078419929,0.3981314754938132,900.1756396166188,900.998910170241
2.940000000000002,-0.00024065015369111113,0.18359149430038954,46.775816704564946,0.2397622013732068,4.978702252600442e-05,0.0,-0.00045748905509008885,1.009011044900032,17.070084401082095,0.306933074549532,2.3747433578871944e-05,0.0,-0.09509823767200956,0.3280135200673907,900.1222206390296,900.7282602398021
3.000000000000002,-0.00026904594970558244,0.24830547547390025,47.80081122831226,0.2583704283523014,5.121186838952241e-05,0.0,-0.0004891695428069999,1.149580021830529,17.0960510013967,0.3158650407046322,2.3747426036763893e-05,0.0,0.23472099108636615,0.46707578754534307,899.9845177746945,900.3908130765976
3.0600000000000023,-0.00029936879095577456,0.3217482587224796,48.82728112519669,0.27727622275793795,5.263671380095758e-05,0.0,-0.0005217256151927556,1.3000006591680398,17.11926872338006,0.31351782574485937,2.3747418494660633e-05,0.0,0.09866617939093128,0.20354669996294084,900.079572462525,900.0309018334725
3.1200000000000023,-0.00033167246783412016,0.4045185195308636,49.85507984703975,0.29611700835112753,5.406155875942176e-05,0.0,-0.000555197191764824,1.460482812871625,17.14031758191757,0.3149831845759143,2.3747410952562166e-05,0.0,0.08542346777606052,0.20912490372716422,900.0789915106427,900.1843269758132
3.1800000000000024,-0.0003660118540362247,0.49721858578580125,50.88407088337431,0.31524830022684114,5.548640326580312e-05,0.0,-0.000589582968415364,1.6310056248273195,17.15898986874842,0.3256340588117604,2.3747403410468487e-05,0.0,0.0029324190317562004,0.33640361581107675,899.9584625138436,900.4370672702365
3.2400000000000024,-0.00040244177093593105,0.6004550558509295,51.91410429776965,0.3348381703347254,5.690962467586047e-05,0.0,-0.0006248827454189575,1.8117355149403347,17.175048251096666,0.32816731354673073,2.3666263637934566e-05,0.0,-0.07687430819603225,0.37360736317401144,900.1491183845071,900.301701104055
3.3000000000000025,-0.000441017638653151,0.714848346087909,52.945026513964144,0.35454658234857384,5.8329576129168004e-05,0.0,-0.0006611138875380168,2.0029037955768,17.188577357266055,0.3290774093981151,2.366504541148455e-05,0.0,-0.009390943052424466,0.3204636805806198,900.2973172591719,900.3848437606852
3.3600000000000025,-0.00048179422066842935,0.8410194079115665,53.976661740262536,0.3743519418627921,5.9749478703352565e-05,0.0,-0.0006982393757561463,2.204327225485083,17.198777712326482,0.33203484132733585,2.3665037921618145e-05,0.0,0.23155660051380825,0.49412798185584805,900.1985149187044,900.3694462112622
3.4200000000000026,-0.0005248248980325568,0.9795827866390435,55.00879991285753,0.394260233378823,6.116938082900703e-05,0.0,-0.0007362498877759063,2.415984444818368,17.205303547012058,0.3313421735015155,2.366503043175648e-05,0.0,0.2847114202865086,0.04627014998805501,900.1844264605725,900.2082016473457
3.4800000000000026,-0.000570161144819109,1.131142575351786,56.04119040620893,0.41401952002380504,6.25892825052432e-05,0.0,-0.0007750905111762944,2.6375252487059484,17.20714789466398,0.32495132414322947,2.3665022941899558e-05,0.0,0.37326632647657554,0.2898871213106663,899.9689435577367,899.7611175167909
3.5400000000000027,-0.0006178547732685518,1.2963014330393143,57.073578270803914,0.43337244427641863,6.40091837320611e-05,0.0,-0.0008148255759278149,2.8692391406555404,17.205141390326876,0.31726498820393034,2.3665015452047378e-05,0.0,0.23983537750778083,0.1107094111325983,900.06687068165,899.8043572880173
3.6000000000000028,-0.0006679578410396024,1.4756540407757006,58.10570520445486,0.45227655027640434,6.546103906757139e-05,0.0,-0.0008554026459700031,3.110596499331566,17.198379686531865,0.3102810506882293,2.5262714356656913e-05,0.0,0.22214048434129138,-0.3411402788937488,899.9871570451216,899.7506704873708
3.660000000000003,-0.0007205214897694491,1.6697719148210683,59.137279452339136,0.47090184882981756,6.697406633371372e-05,0.0,-0.0008968481601897017,3.3613666101351307,17.186648315286096,0.3107006381152026,2.5125934420663374e-05,0.0,-0.17346317341552311,-0.14186988575686302,899.8601041058739,899.9219941486546
3.720000000000003,-0.0007755987413696772,1.87921823165665,60.168000070089576,0.4899448969166347,6.851210554970066e-05,0.0,-0.000939188325888017,3.6215453557350465,17.169872978416794,0.32817564729709087,2.6650072329194677e-05,0.0,-0.10461354888517155,-0.3492314184491957,899.6542976975978,900.4086488286667
3.780000000000003,-0.0008332428794300786,2.1045556348357386,61.197540908259,0.5100949618311228,7.019764244731164e-05,0.0,-0.000982424530652436,3.891144007463797,17.1473059684496,0.3478797745500604,3.0976543486867235e-05,0.0,0.04789935855531707,-0.561373495171357,899.5656091241016,900.4162512765646
3.840000000000003,-0.0008935112732021347,2.3463636535701022,62.22554887057073,0.5313367142548566,7.207094565409022e-05,0.0,-0.0010266866417362641,4.170640854664806,17.11875389616907,0.36410280890143104,3.1712068704396126e-05,0.0,-0.06011703075022974,-0.23914543708671893,899.5692190710314,900.285434544483
3.900000000000003,-0.0009564700666950453,2.605259157994481,63.25167526361347,0.5532818940080091,7.401934912021346e-05,0.0,-0.0010721100336947903,4.46076701197613,17.08453392618052,0.3688554086061179,3.399599201020963e-05,0.0,0.1693798045718759,-0.40787451114289774,899.9344752487369,900.1907148256845
3.960000000000003,-0.0010221913536246606,2.881890613316943,64.2755779698084,0.5754061491192832,7.609681833198323e-05,0.0,-0.001118778142527404,4.761819339544259,17.044544746297774,0.36850162634042394,3.588144654137974e-05,0.0,0.24110429076724535,-0.3705905541753296,900.308537480309,900.3591619773711
4.020000000000002,-0.0010907477946135414,3.1768828824725133,65.2968541986487,0.5973004037065763,7.829536962500327e-05,0.0,-0.001166620862892366,5.072746285275973,16.996906749051302,0.35654192541285057,3.8164627642486916e-05,0.0,-0.02635791719772476,-0.4086594857322752,900.3403525704387,899.9195749521324
4.080000000000001,-0.0011622129024061823,3.4908289512609105,66.3150501233643,0.6184586969785038,8.059089176271073e-05,0.0,-0.0012157342942580645,5.393498875440293,16.941756051232108,0.3434222300638786,3.844685087515239e-05,0.0,0.17341264118475302,-0.1433824210721643,900.4470568767276,899.9748609796006
4.14,-0.0012366612018491097,3.824287468210841,67.32968236970251,0.6387645073646251,8.28980819900238e-05,0.0,-0.0012660509642189596,5.723039350758912,16.878016011140232,0.325928766687555,3.846580963644803e-05,0.0,0.13932713725504622,-0.03718055155293824,900.4874928734315,899.8331163924021
4.199999999999998,-0.0013141632728588485,4.17776337075606,68.34022081266146,0.6581489613063516,8.520603017281303e-05,0.0,-0.0013175138826854148,6.060601785614653,16.805193163940938,0.3166669157411182,3.8465789848120704e-05,0.0,0.041245488922917614,0.49057779525846484,900.3487715098229,900.0226977847911
4.259999999999997,-0.0013947876957489075,4.551728124167952,69.34612192943466,0.6770145049923304,8.748913905431976e-05,0.0,-0.0013701173835098997,6.405895455859134,16.72335064901077,0.3095314942571815,3.722385180081516e-05,0.0,-0.30076759750514226,0.23655956662774158,900.6009085874105,900.358239829844
4.319999999999996,-0.0014785979960543847,4.946610137858409,70.3468083611676,0.6955165066702111,8.970620599146883e-05,0.0,-0.0014236941762367746,6.757756524200633,16.6313057557004,0.3059354695991613,3.640563785225045e-05,0.0,-0.24412545167813926,0.38124479988994375,900.5692230127788,900.467920086831
4.379999999999995,-0.001565652667805342,5.362808855058537,71.3416814373432,0.7139319962901798,9.181946750302927e-05,0.0,-0.0014782474506122134,7.116378656709189,16.52950569964565,0.30882886487638556,3.2851695388991074e-05,0.0,-0.5087900957206949,0.5830046255755003,900.8282479554277,900.9890284028447
4.439999999999993,-0.0016560026217541414,5.800691463421847,72.33011276677148,0.7321761391392014,9.361701862165006e-05,0.0,-0.0015335072674705428,7.480503807438662,16.416540608492635,0.29230057553775235,2.417353911920403e-05,0.0,-0.795056326510443,0.35914664485169306,901.1915098289294,900.5656061460871
4.499999999999992,-0.0017496822976591625,6.260573053083246,73.31142514652976,0.7495735992844352,9.504174549945787e-05,0.0,-0.0015891858095811579,7.849535044473179,16.29214046599604,0.2848171130524863,2.288925208507934e-05,0.0,-0.30585405346189065,0.474599432823387,901.0257526708191,900.7616864791753
4.559999999999991,-0.001846706513642056,6.742703456406374,74.28490004736503,0.7664356403350583,9.633211399773245e-05,0.0,-0.001644975042264019,8.222041490409113,16.155259737890702,0.2721502689144961,1.8739777817324842e-05,0.0,-0.5497695476099054,0.4947748503814146,900.8489404273155,900.3724402827482
4.6199999999999894,-0.0019470792641829774,7.247285136364773,75.24979716066896,0.7828347917959633,9.73241150301618e-05,0.0,-0.0017007709981802619,8.597803566575184,16.006176547669025,0.2755553160374248,1.212013149195326e-05,0.0,-0.6943872512989342,0.4010700684572579,900.4566683810599,900.6284566181974
4.679999999999988,-0.0020507965376797893,7.774515683819718,76.2053966519196,0.7994376868163107,9.79779916674417e-05,0.0,-0.0017564247214544603,8.976966226378684,15.845316591917875,0.2789338688923805,8.453457078277747e-06,0.0,-0.5167976688245348,0.3746356768817128,900.6501813640361,900.8217905793839
4.739999999999987,-0.0021578416735086154,8.324574960226483,77.15097088144991,0.81657132185968,9.845290258603256e-05,0.0,-0.0018116825915071946,9.35874414311381,15.671991740819607,0.29627956841396186,6.838610113878938e-06,0.0,-0.3429651875611047,0.17763330680803582,900.3144328202327,901.0534119826457
4.799999999999986,-0.0022681865489499807,8.8976060923699,78.08575701134845,0.834769288426517,9.883301988367066e-05,0.0,-0.0018664131634947613,9.74273716411803,15.485719915646788,0.31453232222597916,5.328625717947614e-06,0.0,-0.33164283498466046,0.05228940432350496,900.0272358858962,900.8083416157716
4.859999999999984,-0.002381799313988841,9.493752679503661,79.00898178628215,0.8540872950063889,9.911967039055725e-05,0.0,-0.0019206089227395396,10.129293611782682,15.286607847707733,0.3337301591906207,3.6752511710127023e-06,0.0,-0.34703242109844684,0.025396163429726663,899.7799792337344,900.6053733527223
4.919999999999983,-0.0024986492400869767,10.113191001465324,79.91988756809762,0.8744302761174252,9.927086941274865e-05,0.0,-0.001974310909260589,10.519140403929983,15.07506169888315,0.3479716898968717,2.0934876405930937e-07,0.0,-0.5782575153245091,-0.28622720536829843,899.8804755298265,900.5110766721635
4.979999999999982,-0.0026187037126740877,10.756112853756346,80.81771793377578,0.8953990806816012,9.929099966932142e-05,0.0,-0.0020274126487962356,10.912050954977758,14.850726789477228,0.35233004875440677,5.878140980284415e-07,0.0,-0.3360442364705301,-0.3748240656804902,900.0090632261938,900.2434133649334
5.0399999999999805,-0.0027419250189981426,11.42269516509849,81.70170005089615,0.9169499380695925,9.925650354070115e-05,0.0,-0.0020798673491190037,11.307762828375163,14.613413482384013,0.3701890851728613,-2.9005360234397303e-06,0.0,-0.504074237302478,0.10943241668621018,899.6962854256747,900.480436243835
